0 0.7578125 0.3953125 0.3203125 0.35
0 0.6921875 0.61953125 0.2546875 0.1890625
0 0.55859375 0.78828125 0.1765625 0.18125
0 0.39296875 0.82890625 0.190625 0.23125
0 0.46328125 0.5578125 0.2453125 0.3078125
0 0.51015625 0.29609375 0.2375 0.2421875
0 0.73203125 0.21484375 0.2203125 0.15625
0 0.5703125 0.08984375 0.2265625 0.1796875
0 0.33828125 0.2546875 0.1921875 0.20625
0 0.16015625 0.35078125 0.1640625 0.1953125
0 0.065625 0.60703125 0.13125 0.1890625
0 0.1171875 0.828125 0.2 0.2
0 0.25546875 0.62421875 0.2 0.1859375