0 0.3265625 0.2953125 0.12421875 0.12734375
0 0.43203125 0.2140625 0.18125 0.090625
0 0.625 0.23203125 0.14609375 0.14140625
0 0.7875 0.315625 0.15 0.21484375
0 0.88828125 0.5296875 0.121875 0.17421875
0 0.8546875 0.75234375 0.15390625 0.20078125
0 0.63671875 0.65078125 0.1703125 0.15859375
0 0.73515625 0.48046875 0.13359375 0.11171875
0 0.56953125 0.4203125 0.15703125 0.159375
0 0.40390625 0.42734375 0.1375 0.11328125
0 0.27578125 0.4421875 0.15234375 0.12421875
0 0.15078125 0.43515625 0.0703125 0.09609375
0 0.36015625 0.56171875 0.20546875 0.1125
0 0.46796875 0.7015625 0.14609375 0.1125
0 0.30546875 0.6828125 0.128125 0.10859375
0 0.44375 0.3203125 0.059375 0.08046875